Date,Location,Site,Habitat,Transect,cca,dead_coral,algal_matrix,hard_coral,macroalgae,other_biota,rubble,rock,sand,soft_coral,silt,sponge,zooantharia
1989,Singapore,H1,Crest,1,0.0,0.0,28.7,59.0,2.7,2.1,6.4,0.0,0.0,0.0,0.0,1.1,0.0
1989,Singapore,H1,Crest,2,0.0,0.0,6.8,16.2,17.2,0.0,29.0,0.0,0.0,30.8,0.0,0.0,0.0
1989,Singapore,H1,Crest,3,0.0,1.1,11.0,43.0,5.3,5.8,19.5,0.0,10.0,2.2,0.0,2.1,0.0
1989,Singapore,H1,Crest,4,0.0,1.1,20.7,26.8,5.4,5.6,31.7,0.0,3.4,0.8,1.1,3.4,0.0
1989,Singapore,H1,Crest,5,0.0,0.0,1.7,11.5,37.9,1.0,10.8,1.5,34.7,0.0,0.0,1.0,0.0
1989,Singapore,H2,Crest,1,0.0,0.0,0.0,47.7,18.2,0.0,19.5,0.0,8.6,0.0,6.0,0.0,0.0
1989,Singapore,H2,Crest,2,0.0,0.0,7.8,27.2,18.8,0.0,25.1,0.0,18.5,0.0,0.0,2.6,0.0
1989,Singapore,H2,Crest,3,0.0,0.0,29.9,48.3,0.0,0.0,6.5,0.0,14.7,0.0,0.0,0.6,0.0
1989,Singapore,H2,Crest,4,0.0,0.0,16.7,63.0,0.0,2.3,0.0,0.0,18.2,0.0,0.0,0.0,0.0
1989,Singapore,H2,Crest,5,0.0,0.0,22.8,59.5,0.0,1.6,0.0,0.0,16.1,0.0,0.0,0.0,0.0
1989,Singapore,HW2,Crest,1,0.0,0.0,44.5,37.5,1.0,2.5,6.0,0.0,4.0,0.0,0.0,4.5,0.0
1989,Singapore,HW2,Crest,2,0.0,0.0,13.2,80.2,0.0,2.5,0.0,0.0,4.1,0.0,0.0,0.0,0.0
1989,Singapore,HW2,Crest,3,0.0,0.0,7.0,84.5,0.0,2.0,0.0,0.0,0.0,0.0,6.5,0.0,0.0
1989,Singapore,HW2,Crest,4,0.0,0.0,15.5,76.5,0.0,0.0,0.0,0.0,0.0,2.0,2.5,3.5,0.0
1989,Singapore,HW2,Crest,5,0.0,0.0,11.3,73.2,0.0,5.5,0.0,0.0,10.0,0.0,0.0,0.0,0.0
1989,Singapore,R1,Crest,1,0.0,0.0,18.0,65.0,0.0,2.6,8.5,2.1,0.0,0.0,0.0,3.9,0.0
1989,Singapore,R1,Crest,2,0.0,0.0,0.0,63.3,0.0,2.5,28.3,1.3,0.0,0.0,0.0,4.8,0.0
1989,Singapore,R1,Crest,3,0.0,0.0,11.5,88.5,0.0,0.0,0.0,0.0,0.0,0.0,0.0,0.0,0.0
1989,Singapore,R1,Crest,4,0.0,0.0,2.7,87.4,0.0,0.0,0.0,0.0,5.5,0.0,0.0,4.4,0.0
1989,Singapore,R1,Crest,5,0.0,0.0,17.1,79.0,0.0,0.5,0.0,0.8,0.0,2.8,0.0,0.0,0.0
1989,Singapore,R2,Crest,1,0.0,0.0,31.7,64.5,0.0,0.0,0.0,0.0,3.8,0.0,0.0,0.0,0.0
1989,Singapore,R2,Crest,2,0.0,0.0,13.2,85.3,0.0,0.0,0.0,0.0,0.0,0.0,0.0,1.5,0.0
1989,Singapore,R2,Crest,3,0.0,0.0,3.0,97.0,0.0,0.0,0.0,0.0,0.0,0.0,0.0,0.0,0.0
1989,Singapore,R2,Crest,4,0.0,0.0,8.9,86.3,0.0,0.0,0.0,0.0,4.7,0.0,0.0,0.0,0.0
1989,Singapore,R2,Crest,5,0.0,0.0,21.4,46.5,0.0,1.1,0.0,0.0,27.8,3.2,0.0,0.0,0.0
1989,Singapore,S2,Crest,1,0.0,0.5,28.1,33.6,17.0,0.0,2.8,0.0,4.0,0.0,9.3,4.6,0.1
1989,Singapore,S2,Crest,2,0.0,0.0,29.5,27.7,33.3,7.6,0.0,0.0,0.0,0.0,0.0,2.0,0.0
1989,Singapore,S2,Crest,3,0.0,0.0,33.6,54.0,7.8,0.0,0.0,0.0,3.8,0.0,0.0,0.8,0.0
1989,Singapore,S2,Crest,4,0.0,0.0,11.5,77.5,6.5,4.5,0.0,0.0,0.0,0.0,0.0,0.0,0.0
1989,Singapore,S2,Crest,5,0.0,0.0,14.8,66.2,7.0,2.0,5.8,0.0,0.0,0.0,4.3,0.0,0.0
1989,Singapore,HW1,Crest,1,0.0,0.0,24.6,47.5,9.3,0.5,0.0,0.0,0.0,0.0,17.0,1.2,0.0
1989,Singapore,HW1,Crest,2,0.0,0.0,55.4,20.1,16.1,0.1,1.4,0.0,0.9,0.0,4.1,2.0,0.0
1989,Singapore,HW1,Crest,3,0.0,0.0,43.3,29.8,12.4,0.3,3.1,0.0,0.0,0.0,8.6,2.7,0.0
1989,Singapore,HW1,Crest,4,0.0,0.0,28.2,47.5,21.4,0.0,1.0,0.0,2.0,0.0,0.0,0.0,0.0
1989,Singapore,HW1,Crest,5,0.0,0.0,30.9,62.5,3.2,0.8,0.0,0.0,1.7,0.0,0.0,1.0,0.0
1989,Singapore,S1,Crest,1,0.0,0.0,33.2,26.6,17.1,8.2,3.7,0.0,0.0,0.0,0.0,9.4,1.7
1989,Singapore,S1,Crest,2,0.0,0.0,39.7,28.8,4.0,0.6,19.5,0.0,0.0,0.0,0.3,4.0,3.3
1989,Singapore,S1,Crest,3,0.0,0.0,23.0,47.8,0.0,0.3,25.0,0.0,0.0,0.0,0.0,4.0,0.0
1989,Singapore,S1,Crest,4,0.2,0.0,70.9,14.0,1.7,0.0,1.7,0.0,0.0,0.7,3.0,6.9,1.2
1989,Singapore,S1,Crest,5,0.0,0.0,62.7,13.2,7.3,2.8,1.8,0.0,1.8,0.0,4.8,4.4,1.5
1989,Singapore,L2,Crest,1,0.4,0.0,20.1,55.5,0.0,3.9,19.2,0.0,0.9,0.0,0.0,0.0,0.0
1989,Singapore,L2,Crest,2,0.0,0.0,17.7,51.1,0.0,0.0,19.9,0.0,0.0,0.0,6.1,5.3,0.0
1989,Singapore,L2,Crest,3,0.0,0.0,13.9,69.1,0.0,3.2,9.7,0.0,0.0,0.0,0.0,4.3,0.0
1989,Singapore,L2,Crest,4,0.0,0.0,7.0,80.6,0.0,0.5,11.4,0.0,0.0,0.0,0.5,0.0,0.0
1989,Singapore,L2,Crest,5,0.0,0.0,30.9,47.8,0.0,2.0,19.4,0.0,0.0,0.0,0.0,0.0,0.0
1989,Singapore,L4,Crest,1,0.0,0.0,33.4,0.5,20.0,0.0,13.6,0.0,6.2,18.7,0.0,7.6,0.2
1989,Singapore,L4,Crest,2,0.0,0.0,34.5,12.2,8.4,0.0,17.6,0.0,18.8,7.2,0.0,1.5,0.0
1989,Singapore,L4,Crest,3,0.0,0.0,26.3,0.5,5.8,0.0,58.8,0.0,6.1,0.3,0.0,2.5,0.0
1989,Singapore,L4,Crest,4,0.0,0.0,39.1,0.0,12.6,0.3,27.3,0.0,7.7,2.7,0.0,10.5,0.0
1989,Singapore,L4,Crest,5,0.0,0.0,18.0,0.0,2.3,0.0,6.5,0.0,73.3,0.0,0.0,0.0,0.0
1992,Singapore,R1,Crest,1,0.2,0.0,6.9,92.2,0.0,0.0,0.0,0.0,0.0,0.0,0.0,0.8,0.0
1992,Singapore,R1,Crest,2,0.0,0.0,8.2,70.0,0.0,8.7,10.8,0.0,0.0,0.0,0.0,2.4,0.0
1992,Singapore,R1,Crest,3,0.0,0.0,13.1,83.6,0.0,2.2,1.1,0.0,0.0,0.0,0.0,0.0,0.0
1992,Singapore,R1,Crest,4,0.0,0.0,9.0,78.4,1.5,5.5,1.0,0.0,0.9,0.5,0.0,3.4,0.0
1992,Singapore,R1,Crest,5,0.0,0.0,17.8,67.4,1.8,3.3,5.4,0.0,0.0,0.0,0.0,3.5,1.0
1992,Singapore,R2,Crest,1,0.0,0.0,18.4,68.8,0.0,3.3,4.8,0.0,1.8,0.0,0.0,2.9,0.0
1992,Singapore,R2,Crest,2,0.0,0.0,18.9,76.5,0.0,1.7,0.0,0.0,1.8,0.0,0.0,1.2,0.0
1992,Singapore,R2,Crest,3,0.0,0.0,19.0,64.8,3.5,1.1,7.4,0.0,4.4,0.0,0.0,0.0,0.0
1992,Singapore,R2,Crest,4,0.0,0.0,17.1,71.6,0.3,4.5,1.3,0.0,4.3,0.0,1.1,0.0,0.0
1992,Singapore,R2,Crest,5,0.0,0.0,23.2,53.6,0.0,4.2,10.3,0.0,5.1,1.0,1.9,0.9,0.0
1992,Singapore,H1,Crest,1,0.0,0.0,46.0,4.5,0.0,1.5,31.6,0.0,10.4,0.0,0.0,6.2,0.0
1992,Singapore,H1,Crest,2,0.0,0.0,16.5,4.6,1.3,0.0,59.0,0.0,16.9,0.0,0.0,1.9,0.0
1992,Singapore,H1,Crest,3,0.0,0.0,14.9,5.8,0.0,0.5,69.0,0.0,6.7,0.0,2.0,1.3,0.0
1992,Singapore,H1,Crest,4,0.0,0.0,12.6,9.0,11.7,0.6,42.7,0.0,3.9,0.0,13.4,6.3,0.0
1992,Singapore,H1,Crest,5,0.0,0.0,12.3,18.3,3.5,7.3,47.7,0.0,2.4,0.0,1.2,7.5,0.0
1992,Singapore,H2,Crest,1,0.0,0.0,27.1,39.4,2.0,3.8,10.8,0.0,10.4,0.5,0.0,5.2,1.1
1992,Singapore,H2,Crest,2,0.0,0.0,19.6,44.3,15.4,1.2,14.1,0.0,2.1,0.0,0.0,3.5,0.0
1992,Singapore,H2,Crest,3,0.0,0.0,14.4,12.5,35.4,0.3,28.2,0.0,9.3,0.0,0.0,0.0,0.0
1992,Singapore,H2,Crest,4,0.0,0.0,20.3,65.3,0.0,6.8,0.5,0.0,7.2,0.0,0.0,0.0,0.0
1992,Singapore,H2,Crest,5,0.0,0.0,11.6,82.2,0.0,3.1,0.0,0.0,3.2,0.0,0.0,0.0,0.0
1992,Singapore,HW1,Crest,1,0.0,0.0,39.0,38.6,3.1,0.5,7.2,0.0,0.0,0.0,7.9,3.8,0.0
1992,Singapore,HW1,Crest,2,0.0,0.0,43.3,21.2,1.6,0.0,22.4,0.0,1.0,0.0,2.7,8.0,0.0
1992,Singapore,HW1,Crest,3,0.0,0.0,29.8,41.6,1.2,4.6,14.5,0.0,0.0,0.0,7.1,1.3,0.0
1992,Singapore,HW1,Crest,4,0.0,0.0,20.5,61.9,1.3,3.0,6.2,0.0,0.0,0.0,2.5,4.8,0.0
1992,Singapore,HW1,Crest,5,0.0,0.0,37.0,23.2,0.0,0.0,14.3,0.0,0.0,0.0,16.3,9.3,0.0
1992,Singapore,HW2,Crest,1,0.0,0.0,40.5,55.1,0.0,1.8,0.0,0.0,0.0,0.0,0.0,0.8,2.0
1992,Singapore,HW2,Crest,2,0.0,0.0,14.1,70.6,0.7,0.6,10.0,0.0,0.0,0.0,1.4,2.0,0.8
1992,Singapore,HW2,Crest,3,0.0,0.0,9.8,71.9,0.0,3.8,9.4,0.0,0.0,0.7,2.9,1.6,0.0
1992,Singapore,HW2,Crest,4,0.0,0.0,15.3,71.4,0.0,5.0,7.4,0.0,0.0,0.0,0.0,0.9,0.0
1992,Singapore,HW2,Crest,5,0.0,0.0,35.3,50.5,0.0,1.2,10.9,0.0,0.0,0.0,0.8,1.3,0.0
1992,Singapore,L2,Crest,1,0.0,0.0,17.4,62.1,0.0,1.7,18.0,0.0,0.0,0.0,0.0,0.9,0.0
1992,Singapore,L2,Crest,2,0.0,0.0,18.4,61.0,1.4,0.0,17.2,0.0,0.0,0.0,0.0,2.0,0.0
1992,Singapore,L2,Crest,3,0.0,0.0,22.2,50.9,0.3,6.9,15.1,0.0,0.0,0.0,1.1,3.6,0.0
1992,Singapore,L2,Crest,4,0.0,0.0,15.1,26.7,0.8,1.0,55.5,0.0,0.0,0.0,0.0,1.1,0.0
1992,Singapore,L2,Crest,5,0.0,0.0,16.2,35.6,0.0,0.5,38.5,0.0,0.0,0.0,8.0,1.3,0.0
1992,Singapore,L4,Crest,1,0.0,0.0,12.0,3.0,30.7,0.4,40.1,0.0,0.0,13.7,0.0,0.3,0.0
1992,Singapore,L4,Crest,2,0.0,0.0,15.1,8.2,19.0,1.5,38.7,0.0,5.1,11.9,0.0,0.6,0.0
1992,Singapore,L4,Crest,3,0.0,0.0,10.7,0.5,3.3,0.0,45.9,0.0,14.0,25.7,0.0,0.0,0.0
1992,Singapore,L4,Crest,4,0.0,0.0,6.8,3.5,3.3,0.3,27.5,0.0,26.8,18.8,13.3,0.0,0.0
1992,Singapore,L4,Crest,5,2.0,0.0,6.0,1.5,1.3,0.0,13.5,0.0,54.8,20.0,0.0,1.0,0.0
1992,Singapore,S1,Crest,1,0.0,0.0,42.3,25.3,0.0,2.6,28.2,0.0,0.0,0.4,0.0,1.3,0.0
1992,Singapore,S1,Crest,2,0.0,0.0,28.2,15.1,0.0,0.8,55.8,0.0,0.0,0.0,0.0,0.2,0.0
1992,Singapore,S1,Crest,3,0.0,0.0,12.7,6.9,0.0,0.0,80.5,0.0,0.0,0.0,0.0,0.0,0.0
1992,Singapore,S1,Crest,4,0.7,2.5,25.3,31.2,6.8,12.4,16.9,0.0,0.0,2.7,0.0,1.7,0.0
1992,Singapore,S1,Crest,5,0.0,0.0,37.8,17.0,17.9,7.0,18.7,0.0,0.0,0.8,0.0,1.0,0.0
1992,Singapore,S2,Crest,1,0.0,0.0,17.9,64.1,0.0,1.5,15.2,0.0,0.0,0.4,0.0,1.0,0.0
1992,Singapore,S2,Crest,2,0.0,0.0,18.5,52.2,0.0,0.0,21.8,0.0,0.0,0.0,4.2,3.5,0.0
1992,Singapore,S2,Crest,3,0.0,0.0,10.4,63.2,0.0,2.0,19.2,0.0,0.0,0.0,2.0,3.3,0.0
1992,Singapore,S2,Crest,4,0.0,0.0,19.4,57.8,0.0,2.3,12.8,0.0,0.0,0.0,5.5,2.3,0.0
1992,Singapore,S2,Crest,5,0.0,0.0,25.0,60.9,0.0,3.6,2.8,0.0,0.0,0.0,5.9,2.0,0.0
1993,Singapore,H1,Crest,1,0.0,0.0,4.8,18.2,24.2,6.7,32.0,0.0,0.9,0.0,0.0,10.6,2.8
1993,Singapore,H1,Crest,2,0.0,0.0,24.1,28.5,27.5,0.8,19.3,0.0,0.0,0.0,0.0,0.0,0.0
1993,Singapore,H1,Crest,3,0.0,0.0,34.9,2.7,25.0,0.0,36.4,0.0,1.2,0.0,0.0,0.0,0.0
1993,Singapore,H1,Crest,4,0.0,0.0,29.5,1.2,7.0,0.0,56.0,0.0,0.8,0.0,1.5,4.3,0.0
1993,Singapore,H1,Crest,5,0.0,0.0,14.4,0.5,3.6,0.0,60.4,0.0,19.0,0.0,0.0,2.4,0.0
1993,Singapore,H2,Crest,1,0.0,0.0,11.5,64.0,10.0,1.3,7.3,0.0,1.4,0.0,0.0,4.5,0.3
1993,Singapore,H2,Crest,2,0.0,0.0,8.3,61.0,0.0,13.3,6.4,0.0,0.7,0.0,0.0,10.6,0.0
1993,Singapore,H2,Crest,3,0.0,0.0,18.0,28.4,6.6,0.0,23.2,0.0,10.9,0.0,0.0,5.9,7.2
1993,Singapore,H2,Crest,4,0.0,0.3,30.2,27.8,5.1,0.0,29.2,0.0,0.0,0.7,0.0,3.4,3.5
1993,Singapore,H2,Crest,5,0.0,0.0,12.4,24.5,8.5,0.0,46.7,0.0,0.0,0.0,0.0,7.2,0.9
1993,Singapore,HW1,Crest,1,0.0,0.0,22.2,50.4,15.7,1.6,3.1,0.0,1.7,0.0,0.0,5.5,0.0
1993,Singapore,HW1,Crest,2,0.0,0.0,17.4,41.8,5.4,0.0,21.3,0.0,1.1,0.0,0.0,13.0,0.0
1993,Singapore,HW1,Crest,3,0.0,0.0,12.8,57.6,16.4,0.9,7.5,0.0,0.0,0.0,0.0,4.9,0.0
1993,Singapore,HW1,Crest,4,0.0,0.0,23.7,10.7,7.0,0.0,46.0,0.0,0.0,0.0,4.6,8.2,0.0
1993,Singapore,HW1,Crest,5,0.0,0.0,27.5,47.7,1.3,0.6,17.9,0.0,1.4,0.0,0.0,3.7,0.0
1993,Singapore,HW2,Crest,1,0.0,0.0,13.6,78.6,0.0,6.5,1.2,0.0,0.0,0.0,0.0,0.0,0.3
1993,Singapore,HW2,Crest,2,0.0,0.0,26.6,67.3,0.0,5.3,0.0,0.0,0.0,0.0,0.0,0.2,0.7
1993,Singapore,HW2,Crest,3,0.0,0.0,17.7,75.9,0.0,3.5,1.8,0.0,0.0,0.0,0.0,0.0,1.1
1993,Singapore,HW2,Crest,4,0.0,0.0,12.3,30.1,1.9,9.4,45.7,0.0,0.8,0.0,0.0,0.0,0.0
1993,Singapore,HW2,Crest,5,0.0,0.0,19.6,56.2,0.0,8.5,15.8,0.0,0.0,0.0,0.0,0.0,0.0
1993,Singapore,L2,Crest,1,0.0,0.0,31.2,24.9,5.4,0.5,32.7,0.0,4.9,0.0,0.0,0.6,0.0
1993,Singapore,L2,Crest,2,0.0,0.0,9.4,1.6,14.5,0.0,19.4,0.0,53.9,0.0,0.0,1.4,0.0
1993,Singapore,L2,Crest,3,0.0,0.0,36.3,20.5,0.9,0.0,42.3,0.0,0.0,0.0,0.0,0.0,0.0
1993,Singapore,L2,Crest,4,0.0,0.0,30.3,38.4,10.3,0.0,21.1,0.0,0.0,0.0,0.0,0.1,0.0
1993,Singapore,L2,Crest,5,0.0,0.0,20.8,22.8,26.6,0.6,28.3,0.0,0.0,0.0,0.0,1.0,0.0
1993,Singapore,L4,Crest,1,0.0,0.0,9.9,26.8,2.2,3.0,53.1,0.0,0.0,0.0,0.0,4.2,1.0
1993,Singapore,L4,Crest,2,0.0,0.0,14.5,1.2,2.5,0.0,81.3,0.0,0.6,0.0,0.0,0.0,0.0
1993,Singapore,L4,Crest,3,0.0,0.0,20.4,0.0,6.0,0.3,46.7,0.0,25.5,0.0,1.3,0.0,0.0
1993,Singapore,L4,Crest,4,0.0,0.0,11.8,6.4,0.0,0.3,45.8,0.0,17.4,17.8,0.0,0.7,0.0
1993,Singapore,L4,Crest,5,0.0,0.0,13.5,1.3,2.1,0.0,45.0,0.0,25.1,13.1,0.0,0.0,0.0
1993,Singapore,R1,Crest,1,0.0,0.0,11.7,85.1,0.0,0.8,1.7,0.0,0.0,0.0,0.0,0.8,0.0
1993,Singapore,R1,Crest,2,0.0,0.0,19.6,63.1,0.0,0.0,9.6,0.0,3.8,2.4,0.0,1.6,0.0
1993,Singapore,R1,Crest,3,0.0,0.0,18.0,68.5,0.0,0.4,6.0,0.0,0.0,0.0,0.0,4.5,2.6
1993,Singapore,R1,Crest,4,0.0,0.0,14.2,71.8,0.0,7.3,3.6,0.0,0.0,1.3,0.0,2.0,0.0
1993,Singapore,R1,Crest,5,0.0,0.0,15.9,78.6,0.0,0.5,2.5,0.0,0.0,0.0,0.0,2.6,0.0
1993,Singapore,R2,Crest,1,0.0,0.0,37.3,61.1,0.0,1.2,0.0,0.0,0.0,0.0,0.0,0.4,0.0
1993,Singapore,R2,Crest,2,0.0,0.0,22.5,65.8,0.0,1.0,4.5,0.0,0.0,0.0,1.5,4.8,0.0
1993,Singapore,R2,Crest,3,0.0,0.0,11.5,79.1,0.0,0.6,6.8,0.0,0.0,0.0,0.0,1.5,0.7
1993,Singapore,R2,Crest,4,0.0,0.0,12.1,87.6,0.0,0.4,0.0,0.0,0.0,0.0,0.0,0.0,0.0
1993,Singapore,R2,Crest,5,0.0,6.8,7.3,82.4,0.0,1.0,0.0,0.0,1.9,0.0,0.0,0.7,0.0
1993,Singapore,S1,Crest,1,0.0,0.0,2.7,26.6,37.6,0.0,27.0,0.0,0.0,0.0,4.5,1.8,0.0
1993,Singapore,S1,Crest,2,0.0,0.0,5.9,4.8,73.1,0.0,16.3,0.0,0.0,0.0,0.0,0.0,0.0
1993,Singapore,S1,Crest,3,0.0,0.0,1.0,7.0,73.1,0.0,16.8,0.0,0.0,0.0,0.0,0.0,2.2
1993,Singapore,S1,Crest,4,0.0,0.0,1.4,0.0,82.3,0.0,11.9,0.0,0.0,0.0,4.6,0.0,0.0
1993,Singapore,S1,Crest,5,0.0,0.0,0.8,6.0,89.7,0.0,2.3,0.0,0.0,0.5,0.0,0.8,0.0
1993,Singapore,S2,Crest,1,0.0,0.0,19.3,64.2,7.7,4.7,2.6,0.0,0.0,0.0,0.0,0.0,1.7
1993,Singapore,S2,Crest,2,0.0,0.0,16.5,64.2,9.5,2.8,1.0,0.0,0.0,3.4,0.0,2.9,0.0
1993,Singapore,S2,Crest,3,0.0,0.0,23.6,38.6,3.7,6.6,17.8,0.0,0.0,2.0,0.7,6.7,0.5
1993,Singapore,S2,Crest,4,0.0,0.0,24.6,58.8,0.0,5.5,7.9,0.0,0.0,0.0,0.0,3.4,0.0
1993,Singapore,S2,Crest,5,0.0,0.0,18.3,55.8,2.2,2.6,18.2,0.0,0.0,1.7,0.0,1.4,0.0
1998,Singapore,H1,Crest,1,4.4,0.0,26.6,20.3,21.9,0.8,16.1,0.0,5.7,0.0,0.0,3.6,0.8
1998,Singapore,H1,Crest,2,0.0,0.0,51.4,21.6,20.4,2.6,1.0,0.0,0.0,0.0,2.6,0.6,0.0
1998,Singapore,H1,Crest,3,18.5,0.0,30.0,5.6,13.7,0.0,31.6,0.0,0.0,0.0,0.0,0.7,0.0
1998,Singapore,H1,Crest,4,0.0,0.0,43.8,2.7,7.8,22.6,13.4,0.0,1.4,0.0,5.7,2.8,0.0
1998,Singapore,H1,Crest,5,0.0,0.0,26.0,0.9,28.7,0.5,40.0,0.0,0.5,0.0,0.0,3.6,0.0
1998,Singapore,H2,Crest,1,0.0,0.0,32.0,46.1,9.9,1.3,6.5,0.0,2.8,0.0,0.0,1.5,0.0
1998,Singapore,H2,Crest,2,0.0,0.0,13.9,33.1,27.7,3.8,4.7,0.0,2.6,2.6,7.9,3.9,0.0
1998,Singapore,H2,Crest,3,0.0,0.0,20.8,28.6,23.1,0.0,20.5,0.0,1.5,0.0,0.0,4.3,1.4
1998,Singapore,H2,Crest,4,0.0,0.0,20.5,45.5,12.1,3.8,11.4,0.0,0.0,0.0,1.8,4.5,0.6
1998,Singapore,H2,Crest,5,0.3,0.0,14.5,74.0,4.5,1.9,2.5,0.0,0.0,0.0,0.0,2.1,0.4
1998,Singapore,HW1,Crest,1,0.0,0.0,28.5,23.2,17.7,5.1,16.4,0.0,5.5,0.0,0.0,3.7,0.0
1998,Singapore,HW1,Crest,2,0.0,0.0,14.1,13.4,15.4,2.2,44.6,0.0,7.1,0.0,0.0,3.3,0.0
1998,Singapore,HW1,Crest,3,0.4,0.0,30.0,14.4,22.9,2.7,23.5,0.0,5.6,0.0,0.0,0.7,0.0
1998,Singapore,HW1,Crest,4,0.0,0.0,41.2,26.8,9.1,1.2,11.4,0.0,4.9,0.0,0.6,4.7,0.3
1998,Singapore,HW1,Crest,5,0.0,0.0,29.2,21.1,20.9,0.0,16.0,0.0,2.9,0.0,6.8,3.2,0.0
1998,Singapore,L2,Crest,1,0.0,0.0,36.4,23.1,5.1,0.3,26.9,0.0,1.2,0.0,0.3,6.9,0.0
1998,Singapore,L2,Crest,2,0.0,0.0,43.7,24.6,4.9,0.5,22.9,0.0,0.0,0.0,0.7,2.9,0.0
1998,Singapore,L2,Crest,3,0.4,0.0,34.2,16.6,8.0,7.2,32.3,0.0,0.0,0.0,0.6,0.9,0.0
1998,Singapore,L2,Crest,4,0.0,0.0,38.2,19.2,8.0,0.0,28.5,0.0,0.0,0.3,0.0,5.9,0.0
1998,Singapore,L2,Crest,5,0.0,0.0,25.1,24.8,1.4,0.4,47.2,0.0,0.0,0.0,0.0,1.2,0.0
1998,Singapore,L4,Crest,1,0.0,0.0,14.8,0.0,13.3,6.6,12.7,0.0,47.1,5.6,0.0,0.0,0.0
1998,Singapore,L4,Crest,2,0.0,0.0,16.1,0.3,23.8,2.8,10.1,0.0,39.9,6.8,0.0,0.5,0.0
1998,Singapore,L4,Crest,3,0.0,0.0,8.9,0.9,13.4,2.6,0.7,0.0,63.8,8.2,0.0,0.6,1.1
1998,Singapore,L4,Crest,4,0.0,0.0,12.6,0.0,8.5,0.7,1.7,0.0,69.5,6.9,0.0,0.3,0.0
1998,Singapore,L4,Crest,5,0.0,0.0,9.8,0.0,6.2,0.0,0.0,0.0,75.9,8.3,0.0,0.0,0.0
1998,Singapore,R1,Crest,1,1.3,0.0,40.4,31.3,3.2,0.4,15.3,0.0,2.0,0.0,0.0,4.8,1.6
1998,Singapore,R1,Crest,2,0.0,0.0,25.1,45.4,3.2,4.4,19.2,0.0,0.0,0.6,0.0,1.7,0.6
1998,Singapore,R1,Crest,3,0.0,0.0,19.9,62.6,0.7,0.3,16.0,0.0,0.0,0.0,0.0,0.7,0.0
1998,Singapore,R1,Crest,4,0.0,0.0,29.0,51.7,0.0,5.4,11.6,0.0,0.0,0.0,0.0,2.4,0.0
1998,Singapore,R1,Crest,5,0.0,0.0,25.2,51.2,7.8,5.3,6.9,0.0,0.0,0.0,1.5,2.2,0.0
1998,Singapore,H2,Crest,1,0.0,0.0,10.2,31.0,39.8,3.1,16.0,0.0,0.0,0.0,0.0,0.0,0.0
1998,Singapore,H2,Crest,2,0.0,0.0,5.2,30.1,35.2,1.5,23.9,0.0,0.0,0.0,4.2,0.0,0.0
1998,Singapore,H2,Crest,3,0.0,0.0,4.2,6.5,43.1,0.0,46.1,0.0,0.0,0.0,0.0,0.1,0.0
1998,Singapore,H2,Crest,4,0.0,0.0,14.1,27.3,34.1,2.3,20.8,0.0,0.0,0.0,0.0,1.5,0.0
1998,Singapore,H2,Crest,5,0.0,0.0,6.5,38.0,33.1,7.2,12.2,0.0,0.4,0.8,0.0,2.1,0.0
1998,Singapore,HW2,Crest,1,0.0,0.4,30.1,25.4,25.9,8.1,9.2,0.0,0.0,0.0,0.0,1.0,0.0
1998,Singapore,HW2,Crest,2,0.0,1.1,26.3,36.4,16.7,11.8,4.2,0.0,0.0,0.0,0.0,3.0,0.7
1998,Singapore,HW2,Crest,3,0.3,2.6,33.6,30.8,13.6,10.4,6.2,0.0,2.1,0.0,0.0,0.5,0.0
1998,Singapore,HW2,Crest,4,0.0,0.0,19.4,30.5,9.2,1.2,38.7,0.0,0.6,0.0,0.0,0.5,0.0
1998,Singapore,HW2,Crest,5,0.0,0.0,31.9,45.9,6.4,0.4,13.6,0.0,0.0,0.0,0.5,1.5,0.0
1998,Singapore,S1,Crest,1,0.0,0.0,45.2,5.9,22.5,1.3,21.1,0.0,1.6,0.0,0.9,1.7,0.0
1998,Singapore,S1,Crest,2,0.0,0.0,21.2,6.4,9.4,0.0,59.0,0.0,2.9,0.0,0.0,1.2,0.0
1998,Singapore,S1,Crest,3,0.0,0.0,36.0,24.7,5.6,0.3,25.5,0.0,3.2,0.0,0.0,4.9,0.0
1998,Singapore,S1,Crest,4,0.0,0.0,41.3,9.6,7.4,1.6,39.2,0.0,0.0,0.0,0.0,1.0,0.0
1998,Singapore,S1,Crest,5,0.0,0.0,33.7,2.9,21.8,1.0,38.1,0.0,0.0,2.1,0.0,0.5,0.0
1998,Singapore,S2,Crest,1,0.1,0.0,15.9,44.2,19.8,1.7,10.1,0.0,0.0,0.0,6.4,1.9,0.0
1998,Singapore,S2,Crest,2,0.0,0.0,19.9,56.4,11.2,1.8,7.5,0.0,0.0,0.0,0.5,2.4,0.3
1998,Singapore,S2,Crest,3,0.0,0.0,20.3,38.0,31.6,4.9,2.7,0.0,0.9,0.0,0.5,1.3,0.0
1998,Singapore,S2,Crest,4,0.3,0.0,31.6,34.8,12.9,4.0,13.9,0.0,0.0,0.0,0.0,2.6,0.0
1998,Singapore,S2,Crest,5,0.0,0.0,17.8,29.8,39.9,1.2,3.1,0.0,2.6,0.0,0.0,5.8,0.0
2000,Singapore,R2,Crest,1,0.0,0.0,43.8,46.7,0.4,5.2,2.7,0.0,0.0,0.0,0.9,0.5,0.0
2000,Singapore,R2,Crest,2,4.6,0.0,40.0,37.3,1.1,7.7,8.7,0.0,0.0,0.0,0.0,0.8,0.0
2000,Singapore,R2,Crest,3,1.0,0.0,45.8,40.4,2.3,9.3,0.6,0.0,0.0,0.0,0.0,0.7,0.0
2000,Singapore,R2,Crest,4,0.0,0.0,27.7,65.9,0.8,4.4,0.0,0.0,0.0,0.0,0.3,1.0,0.0
2000,Singapore,R2,Crest,5,1.3,0.0,24.2,60.2,1.7,2.2,3.0,0.0,5.9,0.0,0.0,1.7,0.0
2000,Singapore,L2,Crest,1,0.0,0.0,17.4,41.8,6.1,0.0,25.4,0.0,0.0,0.0,9.0,0.4,0.0
2000,Singapore,L2,Crest,2,0.0,0.0,10.7,22.0,2.7,0.0,59.7,0.0,0.0,1.0,1.9,2.2,0.0
2000,Singapore,L2,Crest,3,0.2,0.0,12.1,24.8,11.3,0.0,48.0,0.0,0.0,0.0,3.7,0.0,0.0
2000,Singapore,L2,Crest,4,0.0,0.0,12.3,25.1,11.9,0.0,49.8,0.0,0.0,0.0,0.0,1.0,0.0
2000,Singapore,L2,Crest,5,0.0,0.0,22.9,15.8,17.7,0.0,36.5,0.0,0.0,0.3,6.0,0.9,0.0
2000,Singapore,L4,Crest,1,0.0,0.0,14.1,0.8,19.5,0.0,59.5,0.0,4.8,0.4,0.8,0.4,0.0
2000,Singapore,L4,Crest,2,0.0,0.0,2.1,0.0,22.1,0.0,26.8,0.0,48.0,0.0,1.1,0.0,0.0
2000,Singapore,L4,Crest,3,0.0,0.0,2.8,1.9,15.5,0.0,38.9,0.0,29.3,3.1,8.5,0.1,0.0
2000,Singapore,L4,Crest,4,0.0,0.0,2.5,1.4,23.6,0.0,26.7,0.0,39.5,0.8,5.6,0.1,0.0
2000,Singapore,L4,Crest,5,0.0,0.0,25.2,3.9,20.5,0.0,38.8,0.0,7.3,1.9,1.1,1.4,0.0
2000,Singapore,R1,Crest,1,0.2,0.0,37.7,24.6,8.6,0.0,26.7,0.0,0.0,0.0,0.0,2.3,0.0
2000,Singapore,R1,Crest,2,2.4,0.0,11.0,45.8,16.0,0.8,23.1,0.0,0.0,0.0,0.0,1.0,0.0
2000,Singapore,R1,Crest,3,0.0,0.0,21.2,40.5,15.2,0.0,23.2,0.0,0.0,0.0,0.0,0.0,0.0
2000,Singapore,R1,Crest,4,0.0,0.0,8.4,41.0,11.2,0.0,39.5,0.0,0.0,0.0,0.0,0.0,0.0
2000,Singapore,R1,Crest,5,0.0,0.0,5.5,38.6,35.1,0.0,19.2,0.0,0.0,0.0,0.0,1.7,0.0
2000,Singapore,R2,Crest,1,0.7,0.0,31.6,46.7,3.0,4.4,12.4,0.0,0.0,0.0,0.0,1.5,0.0
2000,Singapore,R2,Crest,2,0.0,0.0,20.5,35.4,18.7,4.1,19.8,0.0,0.0,0.0,0.0,1.6,0.0
2000,Singapore,R2,Crest,3,0.4,0.0,29.8,49.4,3.9,1.0,12.7,0.0,0.0,1.4,0.0,1.5,0.0
2000,Singapore,R2,Crest,4,0.0,0.0,24.7,71.1,1.3,0.0,2.4,0.0,0.0,0.0,0.0,0.6,0.0
2000,Singapore,R2,Crest,5,0.0,0.0,35.3,56.0,0.7,0.0,7.8,0.0,0.0,0.0,0.0,0.3,0.0
2000,Singapore,S1,Crest,1,0.0,0.0,16.5,19.5,23.6,0.0,26.6,0.0,0.0,0.0,13.4,0.5,0.0
2000,Singapore,S1,Crest,2,0.0,0.0,24.6,13.7,18.3,1.4,29.0,0.0,0.0,0.0,12.2,1.0,0.0
2000,Singapore,S1,Crest,3,0.7,0.0,17.3,14.6,11.9,0.0,49.5,0.0,0.8,0.0,5.2,0.3,0.0
2000,Singapore,S1,Crest,4,0.3,0.0,25.1,8.5,17.9,0.0,40.0,0.0,3.5,0.0,4.5,0.5,0.0
2000,Singapore,S1,Crest,5,0.6,0.0,24.5,5.0,27.9,0.0,39.8,0.0,0.0,0.6,1.3,0.5,0.0
2000,Singapore,S2,Crest,1,0.0,0.9,12.2,19.0,35.5,0.0,30.4,0.0,0.0,0.0,0.3,1.9,0.0
2000,Singapore,S2,Crest,2,0.0,0.0,13.9,26.1,26.8,1.3,32.1,0.0,0.0,0.0,0.0,0.0,0.0
2000,Singapore,S2,Crest,3,0.0,0.0,7.7,19.3,19.4,2.1,51.0,0.0,0.0,0.0,0.6,0.0,0.0
2000,Singapore,S2,Crest,4,0.0,0.0,12.2,22.7,22.6,0.0,42.5,0.0,0.0,0.0,0.0,0.0,0.0
2000,Singapore,S2,Crest,5,0.0,0.0,4.5,28.6,38.9,0.8,27.2,0.0,0.0,0.0,0.0,0.0,0.0
2003,Singapore,H1,Crest,1,0.0,0.0,12.7,8.3,15.5,1.3,52.4,0.0,5.0,0.0,0.0,3.8,1.2
2003,Singapore,H1,Crest,2,0.2,0.0,26.3,7.5,27.2,2.7,30.1,0.0,0.8,0.0,0.0,5.3,0.0
2003,Singapore,H1,Crest,3,0.0,0.0,21.4,12.3,7.1,1.2,35.8,0.0,18.2,0.0,0.0,4.2,0.0
2003,Singapore,H1,Crest,4,0.0,0.0,18.1,5.8,5.4,0.2,36.8,0.0,13.3,0.0,16.3,4.2,0.0
2003,Singapore,H1,Crest,5,0.2,0.0,14.3,9.1,1.8,1.6,28.0,0.0,0.5,0.0,41.4,3.4,0.0
2003,Singapore,H2,Crest,1,0.0,0.0,28.5,38.8,6.2,0.0,9.8,0.0,0.0,0.0,3.9,9.9,3.1
2003,Singapore,H2,Crest,2,0.0,0.0,11.1,56.6,7.7,0.3,22.4,0.0,0.0,0.0,1.5,0.6,0.0
2003,Singapore,H2,Crest,3,0.0,0.0,18.3,29.9,27.2,0.5,15.5,0.0,0.0,0.0,5.4,3.3,0.0
2003,Singapore,H2,Crest,4,0.0,0.0,28.8,54.9,10.4,0.8,5.2,0.0,0.0,0.0,0.0,0.0,0.0
2003,Singapore,H2,Crest,5,0.0,0.0,25.2,53.8,12.7,2.2,3.7,0.0,0.0,0.0,0.5,2.0,0.0
2003,Singapore,HW1,Crest,1,0.0,0.0,17.4,19.9,11.4,0.7,20.3,0.0,20.5,0.0,8.3,1.3,0.3
2003,Singapore,HW1,Crest,2,0.2,0.0,16.1,14.7,11.8,0.7,36.6,0.0,8.5,0.0,4.2,7.5,0.0
2003,Singapore,HW1,Crest,3,0.8,0.0,17.3,15.2,19.6,1.6,16.4,0.0,7.1,0.0,12.5,9.6,0.0
2003,Singapore,HW1,Crest,4,0.0,0.0,22.5,16.9,10.1,1.0,20.0,0.0,15.2,0.0,8.2,6.2,0.0
2003,Singapore,HW2,Crest,1,0.5,0.0,26.8,44.3,0.0,2.6,25.3,0.0,0.0,0.0,0.6,0.0,0.0
2003,Singapore,HW2,Crest,2,0.2,0.0,23.5,58.7,0.0,3.5,13.9,0.0,0.0,0.0,0.0,0.3,0.0
2003,Singapore,HW2,Crest,3,2.5,0.0,19.1,48.7,7.4,0.3,21.9,0.0,0.0,0.0,0.0,0.3,0.0
2003,Singapore,HW2,Crest,4,1.1,0.0,26.9,45.1,8.1,1.6,17.3,0.0,0.0,0.0,0.0,0.0,0.0
2003,Singapore,HW2,Crest,5,0.7,0.0,18.3,20.9,6.5,2.2,43.5,0.0,1.1,0.0,5.6,1.4,0.0
2003,Singapore,K1,Crest,1,1.4,0.0,39.0,24.6,7.6,1.4,18.3,0.0,0.3,0.7,1.9,5.0,0.3
2003,Singapore,K1,Crest,2,1.3,0.0,37.8,21.8,18.6,1.5,9.5,0.0,0.5,0.0,1.2,6.0,1.9
2003,Singapore,K1,Crest,3,0.0,0.0,55.8,22.4,11.0,0.5,2.5,0.0,0.0,0.0,1.8,5.3,0.8
2003,Singapore,K1,Crest,4,0.0,0.0,32.9,35.0,22.7,0.0,5.7,0.0,0.0,1.7,0.9,1.3,0.0
2003,Singapore,K1,Crest,5,0.0,0.0,25.8,10.7,5.2,0.4,41.9,0.0,0.0,3.8,0.0,2.1,10.3
2003,Singapore,L4,Crest,1,2.0,0.0,29.2,6.6,21.3,0.0,31.8,0.0,3.5,0.0,3.7,2.0,0.0
2003,Singapore,L4,Crest,2,0.0,0.0,13.9,6.8,15.1,0.0,38.6,0.0,8.5,0.0,16.1,1.2,0.0
2003,Singapore,L4,Crest,3,0.5,0.0,7.9,1.4,23.7,0.5,10.6,0.0,38.7,3.8,12.1,0.7,0.0
2003,Singapore,L4,Crest,4,0.0,0.0,5.8,4.7,17.7,1.2,2.1,0.0,54.1,4.2,4.2,6.2,0.0
2003,Singapore,L4,Crest,5,0.0,0.0,9.2,1.2,17.5,0.2,13.8,0.0,56.2,0.3,0.0,0.5,1.3
2003,Singapore,R1,Crest,1,1.9,0.0,21.2,49.3,3.5,2.9,21.3,0.0,0.0,0.0,0.0,0.0,0.0
2003,Singapore,R1,Crest,2,0.5,0.0,23.3,60.5,3.2,2.7,7.7,0.0,0.2,0.7,0.0,1.5,0.0
2003,Singapore,R1,Crest,3,1.2,0.0,25.1,64.6,0.5,2.9,5.8,0.0,0.0,0.0,0.0,0.0,0.0
2003,Singapore,R1,Crest,4,0.5,0.0,22.3,60.0,0.5,2.0,14.5,0.0,0.5,0.0,0.0,0.0,0.0
2003,Singapore,R1,Crest,5,2.4,0.0,26.4,46.6,4.4,0.9,18.1,0.0,0.5,0.0,0.0,1.0,0.0
2003,Singapore,S1,Crest,1,0.0,0.0,37.7,17.8,7.0,0.0,34.9,0.0,1.9,0.0,0.7,0.3,0.0
2003,Singapore,S1,Crest,2,0.0,0.0,32.1,14.6,5.2,0.0,38.4,0.0,0.6,0.0,7.7,1.7,0.0
2003,Singapore,S1,Crest,3,0.5,0.0,47.7,39.9,5.0,0.3,5.3,0.0,0.0,0.0,1.5,0.0,0.0
2003,Singapore,S1,Crest,4,0.8,0.0,36.5,19.5,0.0,0.0,36.9,2.2,0.7,0.0,3.2,0.4,0.0
2003,Singapore,S1,Crest,5,0.3,0.0,41.1,25.3,0.8,0.5,30.4,0.0,0.0,0.0,1.4,0.3,0.0
2003,Singapore,S2,Crest,1,2.0,0.0,18.6,18.1,11.9,6.4,39.3,0.0,0.4,0.0,2.2,1.2,0.0
2003,Singapore,S2,Crest,2,3.8,0.0,36.8,23.4,11.2,7.4,15.5,0.0,0.7,0.0,0.0,0.8,0.7
2003,Singapore,S2,Crest,3,0.6,0.0,9.5,21.9,14.7,5.2,43.4,0.0,0.0,0.0,1.8,3.0,0.0
2003,Singapore,S2,Crest,4,0.0,0.0,20.1,34.4,3.1,1.0,40.6,0.0,0.0,0.0,0.0,1.0,0.0
2003,Singapore,S2,Crest,5,0.0,0.5,20.9,26.3,5.2,1.3,40.7,0.0,0.0,0.7,0.0,4.5,0.0
2005,Singapore,HW1,Crest,1,0.0,0.0,18.5,20.5,15.6,1.5,31.7,0.0,0.0,0.0,11.6,0.7,0.0
2005,Singapore,HW1,Crest,2,0.0,0.0,6.9,19.8,27.4,0.0,32.4,0.0,2.6,0.0,10.3,0.8,0.0
2005,Singapore,HW1,Crest,3,0.0,0.0,18.1,26.6,8.2,0.0,31.3,0.0,5.9,0.0,9.3,0.7,0.0
2005,Singapore,HW1,Crest,4,0.0,0.0,20.4,15.0,21.1,0.0,29.0,0.0,0.0,0.0,13.3,1.3,0.0
2005,Singapore,HW1,Crest,5,0.0,0.0,15.8,13.8,26.8,0.0,30.1,0.0,0.0,0.0,13.0,0.6,0.0
2005,Singapore,PSD1,Crest,1,0.0,0.0,26.7,42.2,9.4,0.0,17.6,0.0,2.7,0.0,0.4,1.1,0.0
2005,Singapore,PSD1,Crest,2,0.5,0.0,24.1,42.9,0.0,1.3,27.0,0.0,0.0,0.0,4.2,0.0,0.0
2005,Singapore,PSD1,Crest,3,0.0,0.0,25.8,47.1,1.9,0.4,19.2,0.0,0.7,0.0,5.1,0.0,0.0
2005,Singapore,PSD1,Crest,4,0.0,0.0,36.8,33.4,0.6,0.7,27.2,0.0,0.3,0.0,0.5,0.7,0.0
2005,Singapore,PSD1,Crest,5,0.0,0.0,23.7,32.6,0.0,0.0,40.2,0.0,0.0,0.0,1.0,2.5,0.0
2005,Singapore,H2,Crest,1,0.3,0.0,34.6,31.0,7.3,1.6,10.4,0.0,1.5,0.0,8.0,1.8,3.8
2005,Singapore,H2,Crest,2,0.1,0.0,26.1,33.0,8.9,1.4,11.5,0.0,0.0,0.0,12.8,0.7,5.7
2005,Singapore,H2,Crest,3,0.3,0.0,28.4,26.0,20.7,2.4,17.0,0.0,2.3,0.0,2.8,0.3,0.0
2005,Singapore,H2,Crest,4,0.6,0.0,15.2,37.4,18.9,2.6,24.0,0.0,0.8,0.0,0.0,0.6,0.0
2005,Singapore,H2,Crest,5,0.8,0.0,20.9,44.1,18.3,1.1,11.9,0.0,0.0,0.0,2.9,0.0,0.0
2005,Singapore,HW1,Crest,1,0.0,0.0,8.2,34.4,22.3,0.0,24.1,0.0,0.0,0.0,11.1,0.0,0.0
2005,Singapore,HW1,Crest,2,0.0,0.0,11.9,22.2,12.6,0.5,36.5,0.0,0.0,0.0,16.4,0.2,0.0
2005,Singapore,HW1,Crest,3,0.4,0.0,10.9,26.1,22.5,0.0,20.9,0.0,1.6,0.0,17.3,0.5,0.0
2005,Singapore,HW1,Crest,4,0.0,0.0,16.9,21.8,17.2,0.8,4.0,0.0,9.3,0.0,27.7,2.5,0.0
2005,Singapore,HW1,Crest,5,0.0,0.0,21.8,8.1,40.8,0.0,27.4,0.0,0.5,0.0,0.0,0.8,0.8
2005,Singapore,K1,Crest,1,0.5,0.0,34.2,30.7,0.0,0.0,24.9,0.0,0.0,0.0,0.0,7.7,2.2
2005,Singapore,K1,Crest,2,0.0,0.0,21.4,49.0,0.0,1.5,26.9,0.0,0.0,0.0,0.0,1.3,0.0
2005,Singapore,K1,Crest,3,0.0,0.0,14.1,65.4,0.9,0.0,16.0,0.0,0.0,3.6,0.0,0.2,0.0
2005,Singapore,PSL3,Crest,1,0.1,0.0,33.7,28.7,1.5,0.9,35.2,0.0,0.0,0.0,0.0,0.0,0.0
2005,Singapore,PSL3,Crest,2,0.7,0.0,17.3,28.0,0.8,0.0,52.9,0.0,0.0,0.0,0.3,0.0,0.3
2005,Singapore,PSL3,Crest,3,0.0,0.0,23.9,33.0,0.0,8.4,33.3,0.0,0.0,0.0,1.5,0.0,0.0
2005,Singapore,PSL3,Crest,4,0.4,0.0,15.1,28.6,0.0,0.0,56.0,0.0,0.0,0.0,0.0,0.0,0.0
2005,Singapore,PSL3,Crest,5,0.0,1.1,26.0,41.9,1.9,0.3,28.4,0.0,0.0,0.0,0.0,0.5,0.0
2005,Singapore,R2,Crest,1,0.0,0.0,23.7,49.9,0.0,0.8,24.5,0.0,0.9,0.0,0.0,0.3,0.0
2005,Singapore,R2,Crest,2,0.0,0.0,16.9,72.7,0.0,1.6,8.7,0.0,0.0,0.0,0.0,0.3,0.0
2005,Singapore,R2,Crest,3,0.0,0.0,32.4,48.2,0.0,7.6,10.2,0.8,0.7,0.0,0.0,0.3,0.0
2007,Singapore,H2,Crest,1,0.1,0.0,19.2,60.0,0.8,0.6,14.2,0.0,0.0,0.0,2.9,2.3,0.0
2007,Singapore,H2,Crest,2,0.0,0.0,24.0,39.4,0.8,0.3,30.3,0.0,5.0,0.0,0.0,0.0,0.5
2007,Singapore,H2,Crest,3,0.0,0.0,14.6,46.7,2.5,5.1,22.2,0.0,2.6,0.0,6.1,0.4,0.0
2007,Singapore,H2,Crest,4,0.0,0.0,10.9,20.3,57.3,0.8,9.3,0.0,0.0,0.0,0.9,0.7,0.0
2007,Singapore,H2,Crest,5,0.5,0.0,0.0,35.4,22.2,0.4,7.9,33.6,0.0,0.0,0.0,0.1,0.0
2007,Singapore,K1,Crest,1,0.0,0.0,21.7,67.4,0.0,0.0,10.6,0.0,0.0,0.0,0.0,0.4,0.0
2007,Singapore,K1,Crest,2,0.0,0.0,25.6,47.3,0.0,0.0,27.0,0.0,0.0,0.0,0.1,0.0,0.0
2007,Singapore,K1,Crest,3,0.0,0.0,22.0,38.3,0.0,4.5,29.8,0.0,1.0,0.0,3.7,0.9,0.0
2007,Singapore,K1,Crest,4,0.0,0.0,26.8,35.1,0.3,1.1,28.6,0.0,0.0,0.5,6.9,0.9,0.0
2007,Singapore,K1,Crest,5,0.0,0.0,42.3,37.6,0.0,1.2,4.2,0.0,0.0,6.6,0.0,1.9,6.3
2007,Singapore,PSL3,Crest,1,4.5,0.0,30.5,30.1,4.7,4.6,18.3,0.0,1.8,0.5,0.1,4.8,0.4
2007,Singapore,PSL3,Crest,2,14.6,0.0,28.3,20.8,7.1,2.1,22.3,0.0,2.0,0.0,1.8,1.2,0.0
2007,Singapore,PSL3,Crest,3,8.8,0.0,34.8,25.7,4.2,1.8,17.7,0.0,0.6,0.0,4.8,1.8,0.0
2007,Singapore,PSL3,Crest,4,9.2,0.0,36.8,21.3,1.7,0.3,29.6,0.0,0.9,0.0,0.3,0.2,0.0
2007,Singapore,PSL3,Crest,5,11.4,0.0,22.1,37.4,0.1,1.9,26.6,0.0,0.0,0.0,0.0,0.7,0.0
2007,Singapore,R2,Crest,1,0.0,0.0,27.7,52.5,0.0,4.7,10.2,4.1,1.0,0.0,0.0,0.0,0.0
2007,Singapore,R2,Crest,2,0.0,0.0,29.3,63.7,0.4,0.3,3.5,0.0,0.0,0.0,2.6,0.4,0.0
2007,Singapore,R2,Crest,3,0.0,0.0,21.1,56.2,0.0,8.5,11.2,0.0,1.0,0.0,0.0,2.1,0.0
2007,Singapore,R2,Crest,4,0.0,0.0,27.0,69.8,0.0,0.3,2.3,0.0,0.7,0.0,0.0,0.0,0.0
2007,Singapore,R2,Crest,5,0.2,0.0,37.2,60.6,1.0,0.8,0.5,0.0,0.0,0.0,0.0,0.0,0.0
2007,Singapore,S4,Crest,1,2.2,0.0,22.9,16.8,2.0,1.7,47.8,0.0,0.7,0.0,5.3,0.7,0.0
2007,Singapore,S4,Crest,2,1.3,0.0,18.1,25.7,2.2,0.2,41.7,0.0,0.0,0.0,9.5,1.6,0.0
2007,Singapore,S4,Crest,3,0.9,0.0,18.1,35.9,1.4,0.3,27.8,0.0,0.0,0.0,15.8,0.0,0.0
2007,Singapore,S4,Crest,4,0.6,0.0,18.2,33.5,1.0,0.3,30.5,0.0,0.2,0.0,15.0,1.0,0.0
2007,Singapore,S4,Crest,5,1.5,0.0,27.9,28.8,0.8,1.4,23.7,0.0,0.0,0.0,15.7,0.4,0.0
2007,Singapore,H2,Crest,1,0.0,0.0,23.5,53.2,3.5,0.9,15.9,0.0,1.0,0.0,0.8,1.4,0.0
2007,Singapore,H2,Crest,2,0.0,0.0,27.2,35.9,4.3,0.0,13.6,0.0,2.2,0.0,7.2,4.6,5.1
2007,Singapore,H2,Crest,3,1.0,1.9,13.8,34.6,14.9,0.0,27.2,0.0,0.9,0.0,2.1,2.1,1.7
2007,Singapore,H2,Crest,4,0.0,0.0,9.7,29.3,22.3,1.3,31.4,0.0,1.0,0.0,1.8,2.9,0.6
2007,Singapore,H2,Crest,5,0.0,0.0,18.4,35.6,3.2,0.6,40.0,0.0,0.7,0.0,0.4,1.1,0.2
2007,Singapore,HW1,Crest,1,0.0,0.0,17.6,20.0,8.8,0.0,41.5,0.0,0.0,0.0,11.0,1.2,0.0
2007,Singapore,HW1,Crest,2,0.0,0.3,15.0,23.4,6.3,0.4,35.5,0.0,5.5,0.0,13.7,0.0,0.0
2007,Singapore,HW1,Crest,3,0.0,0.0,17.9,24.5,23.4,0.0,24.2,0.0,0.0,0.0,9.0,1.2,0.0
2007,Singapore,J1,Crest,1,2.4,0.0,0.0,29.1,46.3,6.4,1.6,0.0,0.5,0.0,12.4,1.5,0.0
2007,Singapore,J1,Crest,2,0.0,0.0,28.5,43.3,7.7,0.1,18.7,0.0,1.4,0.0,0.0,0.4,0.0
2007,Singapore,J1,Crest,3,2.2,0.0,0.0,42.6,33.2,3.5,2.9,0.0,1.2,0.0,13.4,1.2,0.0
2007,Singapore,J1,Crest,4,1.2,0.0,11.1,29.9,26.5,0.0,12.3,0.0,4.8,0.0,10.2,4.2,0.0
2007,Singapore,J1,Crest,5,0.0,0.0,23.2,29.4,2.3,0.0,38.4,0.0,5.9,0.0,0.0,0.9,0.0
2007,Singapore,K1,Crest,1,0.4,0.0,24.4,35.5,0.0,1.1,29.6,0.0,1.1,6.7,0.0,1.3,0.0
2007,Singapore,K1,Crest,2,0.0,0.0,23.6,32.6,0.0,0.7,29.7,0.0,0.0,0.0,5.0,6.0,2.6
2007,Singapore,K1,Crest,3,0.0,0.0,29.8,28.6,1.2,3.2,28.9,0.0,0.0,0.0,7.4,1.1,0.0
2007,Singapore,K1,Crest,4,0.0,0.0,21.9,28.3,0.0,0.0,48.9,0.0,0.0,0.0,1.0,0.0,0.0
2007,Singapore,K1,Crest,5,0.0,0.0,19.3,55.6,0.2,0.0,23.7,0.0,1.3,0.0,0.0,0.0,0.0
2007,Singapore,S4,Crest,1,0.8,1.0,14.5,23.2,23.2,0.4,20.5,0.1,1.5,0.0,11.7,3.3,0.0
2007,Singapore,S4,Crest,2,0.6,0.0,22.5,16.2,31.2,0.7,12.3,4.8,0.0,0.0,9.3,2.6,0.0
2007,Singapore,S4,Crest,3,0.0,0.2,8.5,23.5,22.3,0.6,12.2,14.8,1.6,0.0,12.6,3.9,0.0
2007,Singapore,S4,Crest,4,1.0,0.0,20.3,30.1,20.0,0.5,11.0,8.9,0.0,0.0,6.2,2.1,0.0
2007,Singapore,S4,Crest,5,2.8,0.0,12.8,25.3,26.7,0.4,16.4,5.0,5.0,0.0,3.1,2.7,0.0
2008,Singapore,H2,Crest,1,0.0,0.0,19.3,64.5,0.0,0.0,10.3,0.0,0.0,0.0,4.2,1.4,0.5
2008,Singapore,H2,Crest,2,0.0,0.0,22.1,49.8,0.4,0.0,12.4,0.0,2.7,0.0,7.9,0.8,4.1
2008,Singapore,H2,Crest,3,0.0,0.0,22.1,44.7,10.2,0.0,8.7,0.0,0.0,0.0,10.4,0.0,4.0
2008,Singapore,H2,Crest,4,0.0,0.0,13.6,40.9,7.6,5.5,22.6,0.0,0.0,0.0,1.9,6.4,1.7
2008,Singapore,H2,Crest,5,0.0,0.0,23.8,30.5,4.2,4.5,34.9,0.0,0.0,0.0,0.0,2.3,0.0
2008,Singapore,J1,Crest,1,2.0,0.0,5.2,27.7,14.8,0.0,48.4,0.0,0.0,0.0,0.0,2.1,0.0
2008,Singapore,J1,Crest,2,0.0,0.0,14.7,33.8,12.7,0.0,33.9,0.0,5.0,0.0,0.0,0.0,0.0
2008,Singapore,J1,Crest,3,0.0,0.0,15.6,24.5,19.4,0.0,40.5,0.0,0.0,0.0,0.0,0.0,0.0
2008,Singapore,J1,Crest,4,0.0,0.0,13.6,38.4,3.0,0.0,44.3,0.0,0.8,0.0,0.0,0.0,0.0
2008,Singapore,J1,Crest,5,0.0,0.0,37.7,28.3,1.8,1.8,28.1,0.0,2.4,0.0,0.0,0.0,0.0
2008,Singapore,K1,Crest,1,0.0,0.0,29.0,43.8,0.0,0.2,21.7,0.0,0.0,0.0,0.0,5.3,0.0
2008,Singapore,K1,Crest,2,0.0,0.0,19.1,57.0,0.0,0.0,20.6,0.0,0.0,0.0,1.2,2.2,0.0
2008,Singapore,K1,Crest,3,0.0,0.0,22.3,57.6,0.0,3.3,10.9,0.0,0.0,0.0,0.0,3.5,2.6
2008,Singapore,K1,Crest,4,0.0,0.0,19.4,52.1,0.0,3.3,12.0,0.0,1.3,0.9,7.6,3.2,0.5
2008,Singapore,K1,Crest,5,0.0,0.0,31.3,31.8,0.0,10.6,21.8,0.0,0.0,0.0,1.4,3.3,0.0
2008,Singapore,PSD1,Crest,1,0.4,0.0,24.8,54.8,1.6,0.0,13.4,0.0,0.0,0.8,0.0,4.4,0.0
2008,Singapore,PSD1,Crest,2,1.1,0.0,23.6,48.1,4.3,0.0,18.8,0.8,0.0,0.0,0.0,3.4,0.0
2008,Singapore,PSD1,Crest,3,0.0,0.0,27.1,45.8,0.0,2.3,18.1,4.2,0.0,0.0,0.0,2.7,0.0
2008,Singapore,PSD1,Crest,4,0.0,0.0,25.8,45.1,0.0,0.0,19.7,0.0,0.0,0.7,0.0,8.8,0.0
2008,Singapore,PSD1,Crest,5,0.0,0.0,24.0,15.8,3.0,3.8,45.6,0.0,1.0,0.0,0.0,6.9,0.0
2008,Singapore,PSL3,Crest,1,2.1,0.0,47.9,22.1,4.9,0.0,21.7,0.0,0.0,0.0,0.7,0.8,0.0
2008,Singapore,PSL3,Crest,2,0.0,0.0,48.6,29.3,0.6,2.3,17.0,1.8,0.0,0.0,0.6,0.0,0.0
2008,Singapore,PSL3,Crest,3,0.0,0.0,35.8,26.5,5.9,4.5,22.5,1.0,0.0,0.0,0.4,3.6,0.0
2008,Singapore,PSL3,Crest,4,0.0,0.0,31.9,54.9,0.0,2.0,8.2,0.0,0.0,0.0,0.0,3.2,0.0
2008,Singapore,PSL3,Crest,5,0.0,0.0,32.4,40.5,0.9,0.0,22.6,1.7,0.0,0.0,0.0,2.0,0.0
2008,Singapore,R2,Crest,1,0.0,0.0,27.9,48.7,2.0,14.8,4.3,0.0,0.0,0.0,0.0,2.5,0.0
2008,Singapore,R2,Crest,2,0.0,0.0,26.0,62.7,0.6,2.8,6.7,0.0,0.0,0.0,0.0,1.4,0.0
2008,Singapore,R2,Crest,3,0.0,0.0,15.0,78.0,0.0,1.9,1.6,0.0,1.7,0.0,1.7,0.3,0.0
2008,Singapore,R2,Crest,4,0.0,0.0,15.0,74.7,0.9,0.0,4.4,0.0,4.7,0.0,0.0,0.5,0.0
2008,Singapore,R2,Crest,5,0.0,0.0,25.4,65.1,0.0,0.0,1.8,0.0,0.6,0.0,0.0,7.2,0.0
2008,Singapore,S2,Crest,1,0.0,0.0,7.1,37.7,22.5,0.0,24.7,0.0,4.0,0.0,1.2,1.2,1.8
2008,Singapore,S2,Crest,2,0.0,0.0,6.3,24.2,33.3,0.0,32.1,0.0,4.2,0.0,0.0,0.0,0.0
2008,Singapore,S2,Crest,3,0.0,0.0,4.6,16.7,32.3,0.0,27.4,0.0,14.1,0.0,4.6,0.4,0.0
2008,Singapore,S2,Crest,4,0.0,0.0,4.7,9.8,60.2,2.0,22.9,0.0,0.5,0.0,0.0,0.0,0.0
2008,Singapore,S2,Crest,5,0.0,0.0,10.7,31.8,25.0,0.5,14.7,0.0,0.0,4.2,9.7,3.5,0.0
2008,Singapore,S4,Crest,1,0.0,0.0,27.9,24.2,11.7,0.7,30.2,0.0,0.0,0.0,3.3,2.1,0.0
2008,Singapore,S4,Crest,2,0.0,0.0,17.3,26.8,5.0,0.0,39.5,0.0,0.0,0.0,11.0,0.5,0.0
2008,Singapore,S4,Crest,3,1.4,0.0,8.8,46.5,2.5,0.0,28.9,0.0,0.0,0.0,10.9,1.2,0.0
2008,Singapore,S4,Crest,4,0.0,0.0,7.0,31.4,10.8,0.0,44.5,0.0,0.0,0.0,0.0,6.3,0.0
2008,Singapore,S4,Crest,5,0.0,0.0,7.4,15.3,15.1,1.2,58.0,0.0,0.0,0.0,2.8,0.3,0.0
2009,Singapore,H2,Crest,1,0.0,0.0,17.1,62.6,8.2,0.0,3.9,0.0,0.0,0.0,6.7,0.5,1.2
2009,Singapore,H2,Crest,2,0.0,0.0,26.5,36.3,2.4,0.0,14.9,0.0,6.2,0.0,9.9,1.9,2.1
2009,Singapore,H2,Crest,3,0.0,0.0,29.1,44.8,13.4,0.0,7.1,0.0,0.0,0.0,5.3,0.0,0.5
2009,Singapore,H2,Crest,4,0.0,0.0,15.4,19.1,24.9,7.4,29.2,0.0,0.0,0.0,0.0,3.6,0.6
2009,Singapore,H2,Crest,5,0.0,0.0,9.5,33.3,13.2,2.0,39.6,0.0,0.0,0.0,0.0,2.6,0.0
2009,Singapore,HW1,Crest,1,0.0,0.0,16.8,22.8,18.6,0.5,36.2,0.0,4.7,0.0,0.0,0.7,0.0
2009,Singapore,HW1,Crest,2,0.0,0.0,7.5,17.3,16.7,0.0,58.2,0.0,0.0,0.0,0.0,0.4,0.0
2009,Singapore,HW1,Crest,3,0.0,0.0,9.4,34.0,21.1,0.0,22.6,0.0,10.6,0.0,2.4,0.0,0.0
2009,Singapore,HW1,Crest,4,0.0,0.0,27.1,22.2,18.4,0.0,16.7,0.0,0.0,0.0,15.8,0.0,0.0
2009,Singapore,HW1,Crest,5,0.0,0.0,26.7,16.4,26.6,1.1,8.8,0.0,0.3,0.0,17.3,2.9,0.0
2009,Singapore,J1,Crest,1,0.0,0.0,64.9,7.9,14.8,0.0,10.3,0.0,0.0,0.0,0.0,2.2,0.0
2009,Singapore,J1,Crest,2,0.0,0.0,28.6,25.0,11.5,0.0,27.9,0.0,0.0,3.0,0.0,4.1,0.0
2009,Singapore,K1,Crest,1,0.0,0.0,24.0,45.4,0.0,0.0,25.8,0.0,4.1,0.0,0.0,0.9,0.0
2009,Singapore,K1,Crest,2,0.0,0.0,9.0,48.5,0.0,0.9,41.4,0.0,0.0,0.0,0.0,0.3,0.0
2009,Singapore,K1,Crest,3,0.0,0.0,17.2,65.0,0.6,1.8,12.9,0.0,0.0,0.0,0.6,1.2,0.9
2009,Singapore,K1,Crest,4,0.0,0.0,17.9,67.3,0.5,3.9,7.4,0.0,0.0,0.9,0.6,1.7,0.0
2009,Singapore,K1,Crest,5,0.0,0.0,25.0,48.3,0.8,6.2,13.5,0.0,0.0,4.2,1.5,0.8,0.0
2009,Singapore,R2,Crest,1,0.0,0.0,26.7,60.0,0.0,2.1,8.0,2.4,0.0,0.0,0.0,1.0,0.0
2009,Singapore,R2,Crest,2,0.0,0.0,19.4,75.3,0.2,0.0,1.9,0.0,0.0,0.0,0.0,3.3,0.0
2009,Singapore,R2,Crest,3,0.0,0.0,13.7,83.7,0.7,0.5,0.0,0.0,0.0,0.0,0.0,1.5,0.0
2009,Singapore,R2,Crest,4,0.1,0.0,21.5,61.0,0.0,1.3,11.2,0.0,5.0,0.0,0.0,0.0,0.0
2009,Singapore,R2,Crest,5,0.0,0.0,14.3,81.2,0.0,0.0,3.4,0.0,0.0,0.0,0.0,0.0,1.2
2009,Singapore,S4,Crest,1,0.0,0.0,20.8,37.5,26.3,2.1,11.2,0.0,0.0,0.0,1.7,0.6,0.0
2009,Singapore,S4,Crest,2,0.0,0.0,19.7,25.3,23.7,2.0,26.5,0.0,0.8,0.0,0.0,2.3,0.0
2009,Singapore,S4,Crest,3,0.0,0.0,12.2,28.8,41.7,1.3,11.8,0.0,0.0,0.0,3.7,0.6,0.0
2009,Singapore,S4,Crest,4,0.0,0.0,6.9,17.5,43.9,0.0,31.2,0.0,0.0,0.0,0.0,0.6,0.0
2009,Singapore,S4,Crest,5,0.0,0.0,10.8,38.2,39.3,0.7,8.3,0.0,0.0,0.0,1.0,1.9,0.0
2010,Singapore,H2,Crest,1,0.0,0.0,22.8,59.9,4.6,0.6,10.7,0.0,0.0,0.0,0.3,1.4,0.0
2010,Singapore,H2,Crest,2,0.0,0.0,23.2,38.4,13.2,0.0,2.8,0.0,0.0,0.0,17.6,0.7,4.3
2010,Singapore,H2,Crest,3,0.0,0.0,14.0,37.9,25.8,0.0,19.7,0.0,0.8,0.0,0.0,1.6,0.3
2010,Singapore,H2,Crest,4,0.0,0.0,4.6,22.0,36.4,2.7,33.5,0.0,0.0,0.0,0.3,0.8,0.0
2010,Singapore,H2,Crest,5,0.0,0.0,15.5,34.2,32.4,0.0,16.2,0.0,0.0,0.0,1.8,0.0,0.0
2010,Singapore,HW1,Crest,1,0.0,0.0,16.5,23.1,18.5,0.0,36.4,0.0,0.0,0.0,0.0,5.6,0.0
2010,Singapore,HW1,Crest,2,0.0,0.0,14.9,28.0,18.5,0.0,33.7,0.0,3.7,0.0,0.6,0.7,0.0
2010,Singapore,HW1,Crest,3,0.0,0.0,17.5,18.3,16.3,1.5,37.7,0.0,0.0,0.0,0.0,8.8,0.0
2010,Singapore,HW1,Crest,4,0.0,0.0,26.8,15.7,17.1,0.0,31.8,0.0,5.2,0.0,1.6,1.9,0.0
2010,Singapore,HW1,Crest,5,0.0,0.0,38.3,17.8,19.8,0.0,21.1,0.0,0.0,0.0,2.2,1.0,0.0
2010,Singapore,K1,Crest,1,0.0,0.0,30.5,36.6,0.3,0.0,16.6,0.0,0.0,0.0,5.9,10.2,0.0
2010,Singapore,K1,Crest,2,0.0,0.0,33.8,45.1,0.0,0.4,14.2,0.0,0.0,0.0,2.9,3.8,0.0
2010,Singapore,K1,Crest,3,0.0,0.0,10.8,66.5,0.3,0.3,21.0,0.0,0.0,0.0,0.0,0.0,1.3
2010,Singapore,K1,Crest,4,0.0,0.0,24.4,59.6,0.9,0.3,9.2,0.0,0.0,0.9,2.2,2.7,0.0
2010,Singapore,K1,Crest,5,1.2,0.0,46.6,20.3,2.5,6.9,18.3,0.0,1.4,0.0,0.0,3.0,0.0
2010,Singapore,PSL3,Crest,1,0.0,0.0,26.0,20.9,0.6,0.2,51.0,0.0,0.0,0.0,0.0,1.5,0.0
2010,Singapore,PSL3,Crest,2,0.0,0.0,39.4,29.0,0.0,2.1,27.4,0.0,0.0,0.0,0.3,2.0,0.0
2010,Singapore,PSL3,Crest,3,0.0,0.0,39.7,25.4,0.3,1.7,30.3,0.0,0.0,1.3,0.0,1.5,0.0
2010,Singapore,R2,Crest,1,0.0,0.0,36.1,45.0,0.0,1.6,13.7,3.5,0.0,0.0,0.0,0.3,0.0
2010,Singapore,R2,Crest,2,0.0,0.2,37.0,46.2,0.0,0.0,16.3,0.0,0.0,0.0,0.0,0.5,0.0
2010,Singapore,R2,Crest,3,0.0,0.9,25.8,61.3,0.0,0.5,11.5,0.0,0.0,0.0,0.0,0.2,0.0
2010,Singapore,R2,Crest,4,0.0,0.0,27.9,58.3,0.0,0.0,10.3,0.0,0.0,0.0,0.0,3.6,0.0
2010,Singapore,R2,Crest,5,0.0,0.0,34.6,43.1,0.0,0.0,17.5,0.0,0.4,0.0,0.0,4.6,0.0
2010,Singapore,S2,Crest,1,1.8,0.0,13.8,12.2,6.0,0.0,0.0,0.0,0.0,0.0,63.0,3.4,0.0
2010,Singapore,S2,Crest,2,0.0,0.0,33.3,29.9,7.7,0.0,19.3,0.0,0.0,1.8,2.9,5.2,0.0
2010,Singapore,S2,Crest,3,0.0,0.0,16.9,29.5,2.7,1.5,36.5,0.0,0.0,0.0,2.0,11.1,0.0
2010,Singapore,S2,Crest,4,0.0,0.0,20.5,35.1,2.7,0.2,32.8,0.0,0.0,0.0,4.3,4.5,0.0
2010,Singapore,S2,Crest,5,0.0,0.0,19.7,32.0,11.5,0.0,27.9,0.0,0.0,0.0,3.6,5.5,0.0
2010,Singapore,S4,Crest,1,0.0,0.0,28.6,27.7,9.8,0.0,30.5,0.0,0.0,0.5,0.0,3.1,0.0
2010,Singapore,S4,Crest,2,0.0,0.0,34.3,33.6,8.8,1.9,16.5,0.0,0.0,0.0,0.0,5.0,0.0
2010,Singapore,S4,Crest,3,0.0,0.0,9.2,9.1,23.1,1.6,52.0,0.0,0.0,0.0,0.0,5.2,0.0
2010,Singapore,S4,Crest,4,0.0,0.0,17.5,24.9,26.8,0.6,28.5,0.0,0.0,0.0,1.3,0.6,0.0
2010,Singapore,S4,Crest,5,0.0,0.0,11.8,6.2,40.8,0.0,37.7,0.0,0.0,0.0,0.0,3.7,0.0
2011,Singapore,H2,Crest,1,0.0,1.7,27.9,40.8,10.1,0.0,2.8,0.0,11.3,0.0,3.0,2.6,0.0
2011,Singapore,H2,Crest,2,0.0,0.0,1.0,48.3,18.6,0.5,4.2,0.0,11.4,0.0,11.0,5.2,0.0
2011,Singapore,H2,Crest,3,0.2,0.0,1.0,25.7,5.0,0.0,23.0,0.0,0.0,0.0,29.1,9.4,6.6
2011,Singapore,H2,Crest,4,0.0,0.0,15.1,34.6,16.6,0.0,29.3,0.0,0.0,0.0,0.0,4.0,0.5
2011,Singapore,H2,Crest,5,0.0,0.0,10.0,34.0,20.7,1.4,29.4,0.0,0.9,0.0,2.1,1.7,0.0
2011,Singapore,HW1,Crest,1,0.0,0.6,0.0,14.5,14.8,0.3,56.6,0.0,3.6,0.0,7.3,2.5,0.0
2011,Singapore,HW1,Crest,2,0.0,0.7,0.0,30.3,14.4,0.4,33.5,0.0,0.0,0.0,20.9,0.0,0.0
2011,Singapore,HW1,Crest,3,0.0,0.0,2.4,15.2,23.5,0.2,31.1,0.0,18.4,0.0,8.0,1.4,0.0
2011,Singapore,HW1,Crest,4,0.0,0.0,35.8,21.2,5.8,0.0,26.0,0.0,0.0,0.0,8.8,2.4,0.0
2011,Singapore,HW1,Crest,5,0.0,0.0,23.8,21.7,19.0,0.0,18.0,0.0,3.3,0.0,9.1,5.2,0.0
2011,Singapore,J1,Crest,1,0.7,0.0,44.2,18.6,4.6,0.0,17.9,0.0,0.0,0.0,13.7,0.4,0.0
2011,Singapore,J1,Crest,2,0.4,0.0,0.0,24.3,1.3,0.0,69.4,0.0,0.0,0.0,4.6,0.1,0.0
2011,Singapore,J1,Crest,3,0.5,0.0,43.2,15.9,15.1,0.1,0.9,0.0,0.0,0.5,23.7,0.3,0.0
2011,Singapore,J1,Crest,4,2.2,0.0,0.0,36.8,15.2,1.6,23.3,0.0,0.0,0.0,20.7,0.4,0.0
2011,Singapore,J1,Crest,5,2.5,0.0,44.8,20.2,15.2,0.0,1.3,0.0,0.0,0.0,12.8,3.4,0.0
2011,Singapore,K1,Crest,1,5.8,0.0,8.3,50.7,2.8,0.3,0.0,0.0,0.0,0.0,26.2,5.3,0.8
2011,Singapore,K1,Crest,2,3.4,0.0,14.7,53.0,3.3,0.6,0.0,0.0,0.0,0.3,24.2,0.6,0.0
2011,Singapore,K1,Crest,3,3.5,0.0,16.7,54.4,3.1,0.3,0.0,0.0,0.0,3.7,17.0,1.6,0.0
2011,Singapore,K1,Crest,4,0.0,0.0,33.4,29.3,0.4,5.2,9.6,0.0,0.5,0.0,9.2,12.6,0.0
2011,Singapore,K1,Crest,5,0.0,0.0,21.0,33.2,0.2,31.8,11.7,0.0,0.0,0.0,0.0,2.2,0.0
2011,Singapore,PSD1,Crest,1,0.4,0.0,22.4,54.6,1.6,0.0,15.9,0.0,0.0,0.8,0.0,4.4,0.0
2011,Singapore,PSD1,Crest,2,23.6,0.0,0.0,22.5,18.3,1.0,0.0,0.0,0.0,0.0,26.1,8.5,0.0
2011,Singapore,PSD1,Crest,3,13.4,0.0,0.0,28.2,18.7,0.2,2.8,0.0,0.0,0.0,29.3,7.6,0.0
2011,Singapore,PSD1,Crest,4,0.0,0.0,30.7,33.9,8.4,0.0,21.4,0.0,0.0,0.0,0.0,5.7,0.0
2011,Singapore,PSD1,Crest,5,0.0,0.0,22.5,9.0,15.5,1.9,39.1,0.0,3.9,1.7,1.4,5.2,0.0
